Drug1,AT-406
Drug2,Navitoclax
ConcUnit,nM
0,1,3,10,30,100,300,1000
1000,69.98231583,55.43925108,58.93933853,53.63408787,54.87639632,65.62575635,78.35517796,98.03813491
300,55.60778951,53.33305067,42.5020714,39.99413472,49.30402814,57.84118874,66.01901269,84.99071625
100,39.54257892,42.06217549,36.93924313,40.13723339,40.10649368,46.60847321,61.59991379,78.73677441
30,13.0714451,14.18231477,15.95991824,20.8676726,21.33300827,32.81058153,47.24870725,65.36075881
10,2.554222912,5.930291515,6.839763057,2.154606629,8.566486998,17.98767938,40.99794539,58.00654721
3,1.073416684,-4.10463516,10.18403196,-1.518259214,5.234937982,14.03603613,36.14319053,54.12698329
1,3.819851142,4.013829338,-0.496428717,5.033539855,2.16626652,15.03030688,33.61299407,56.14308454
0,-10.19321854,5.915451653,7.033741253,1.86310934,10.1903919,20.34403747,29.69633049,49.28918828

Drug1,NVP-LGK974
Drug2,Alpelisib
ConcUnit,nM
0,1,3,10
0,-3.092937213,5.783800691,7.122749983,7.914256682
10,8.688260776,16.97866141,14.85501198,16.61888564
30,21.16470113,28.6480372,31.47665266,33.27844862
100,42.08323137,42.50523863,46.73503487,47.62961246
1000,50.80633529,57.90947588,57.58665005,62.01286441

